epoch:	2
critic_loss	[1.235310673713684]
reward:	[1.11144527]
